-5.312181627914469573e-08
-4.449370294423715677e-08
-3.980174767548305681e-08
-3.721279284718548297e-08
-3.511425106239585148e-08
-3.307707174826646224e-08
-3.168150897181476466e-08
-2.925945352671988076e-08
-2.853196257035506278e-08
-2.691938405519067601e-08
-2.619614392074254283e-08
-2.526280162840066623e-08
-2.465777626525778032e-08
-2.303720592067293182e-08
-2.241848129358459119e-08
-2.129930543048885738e-08
-2.040681046366898954e-08
-1.972129481941919948e-08
-1.943791616554335633e-08
-1.884230549364929175e-08
-1.816141903532297874e-08
-1.675650729282551765e-08
-1.615945066646418127e-08
-1.524792381246697914e-08
-1.471308319622721683e-08
-1.388389403444989512e-08
-1.384450065700093546e-08
-1.330843169000672788e-08
-1.296201013190056983e-08
-1.241987934719190889e-08
-1.193864562765156734e-08
-1.136779204102822405e-08
-1.050229680998882031e-08
-9.894979058344688383e-09
-9.357256303132999165e-09
-8.905484349952530465e-09
-8.525882222443215142e-09
-8.384147598405888857e-09
-7.752608333078114811e-09
-7.333397000763852702e-09
-7.043228666958611939e-09
-6.760922044435346834e-09
-6.003695318668178516e-09
-5.804999148040224100e-09
-4.433079237031734010e-09
-3.733966913443964586e-09
-2.743156146678416007e-09
-2.527602793733763065e-09
-1.840470553737816317e-09
-1.560364504271660735e-09
-8.533629913820561796e-10
-3.883385557568175273e-10
3.476961496495789561e-10
5.440379258203620338e-10
9.222286267984713959e-10
1.603831512042575014e-09
2.210230221066922240e-09
2.927455833301451094e-09
3.443928253688000041e-09
3.707515405793060381e-09
4.700883682318135470e-09
4.869830760867444042e-09
5.452832407826235794e-09
5.753926224372207798e-09
6.259520457518874537e-09
6.556258647094637126e-09
6.927256102073897637e-09
7.525867040669709240e-09
7.897955178748361504e-09
8.603460166511922580e-09
9.232500985945080174e-09
1.020463180623210064e-08
1.034086238860254525e-08
1.108368685720506619e-08
1.150180661824151684e-08
1.196854260143709325e-08
1.325238052629629237e-08
1.362912449565101269e-08
1.395438253837255616e-08
1.454022680036359816e-08
1.502917257312219590e-08
1.613697619973208930e-08
1.646782976649774355e-08
1.693548412617928989e-08
1.742311184216305264e-08
1.779368474785769649e-08
1.834824914226373949e-08
1.899705104335680517e-08
2.033756985042600718e-08
2.176730973246776557e-08
2.337419502396187454e-08
2.363699991292378400e-08
2.507738372514722869e-08
2.610535076996711723e-08
2.669650278619428718e-08
2.824614497853872308e-08
2.909637508707874076e-08
3.037684592754885671e-08
3.179995289315229456e-08
3.275485838116765080e-08
3.594360364900239801e-08
3.806672665973565017e-08
3.923081948187245871e-08
4.281586996057740180e-08
4.603169401207196643e-08
1.092962484108284116e-04
1.505143882241100073e-04
1.822570338845252991e-04
2.274763974128291011e-04
2.543501905165612698e-04
2.957637771032750607e-04
3.453617682680487633e-04
3.869653737638145685e-04
4.445848462637513876e-04
4.969877772964537144e-04
5.467676091939210892e-04
6.122552440501749516e-04
6.627290276810526848e-04
7.255143718793988228e-04
7.948693819344043732e-04
8.340326021425426006e-04
9.194741141982376575e-04
1.000099815428256989e-03
1.067721517756581306e-03
1.160048879683017731e-03
1.228018081746995449e-03
1.309051876887679100e-03
1.398424385115504265e-03
1.505942433141171932e-03
1.596554415300488472e-03
1.701062545180320740e-03
1.778008765541017056e-03
1.908262027427554131e-03
2.025899942964315414e-03
2.163970610126852989e-03
2.255491912364959717e-03
2.389054512605071068e-03
2.501140115782618523e-03
2.616161946207284927e-03
2.766230842098593712e-03
2.885248977690935135e-03
3.035606350749731064e-03
3.189954906702041626e-03
3.343289252370595932e-03
3.522348357364535332e-03
3.685133066028356552e-03
3.873728914186358452e-03
4.028229974210262299e-03
4.202644806355237961e-03
4.397905431687831879e-03
4.603454843163490295e-03
4.767831414937973022e-03
4.908489063382148743e-03
5.101689603179693222e-03
5.286627449095249176e-03
5.498008336871862411e-03
5.713679827749729156e-03
5.943343974649906158e-03
6.162917241454124451e-03
6.387928035110235214e-03
6.651327013969421387e-03
6.866072770208120346e-03
7.081451360136270523e-03
7.304243743419647217e-03
7.572305854409933090e-03
7.904062047600746155e-03
8.126682601869106293e-03
8.442418649792671204e-03
8.719278499484062195e-03
8.976431563496589661e-03
9.215628728270530701e-03
9.487390518188476562e-03
9.896777570247650146e-03
1.023551449179649353e-02
1.055169850587844849e-02
1.077105104923248291e-02
1.115199178457260132e-02
1.148073840886354446e-02
1.184559240937232971e-02
1.218687556684017181e-02
1.260488480329513550e-02
1.298574544489383698e-02
1.335233729332685471e-02
1.371669303625822067e-02
1.403927337378263474e-02
1.440884172916412354e-02
1.477039791643619537e-02
1.510506588965654373e-02
1.550361234694719315e-02
1.601945236325263977e-02
1.646599546074867249e-02
1.694447174668312073e-02
1.742775179445743561e-02
1.786597259342670441e-02
1.848393492400646210e-02
1.886574178934097290e-02
1.924051903188228607e-02
2.001479268074035645e-02
2.048639021813869476e-02
2.094339206814765930e-02
2.148809097707271576e-02
2.199500240385532379e-02
2.247781120240688324e-02
2.299714833498001099e-02
2.363298460841178894e-02
2.411887235939502716e-02
2.478609979152679443e-02
2.524957992136478424e-02
2.610309422016143799e-02
2.662664279341697693e-02
2.727429009974002838e-02
2.804573439061641693e-02
2.846300229430198669e-02
2.912217006087303162e-02
2.978118881583213806e-02
3.036952950060367584e-02
3.080650791525840759e-02
3.168572857975959778e-02
3.238709643483161926e-02
3.312202543020248413e-02
3.383834660053253174e-02
3.466755524277687073e-02
3.532575443387031555e-02
3.604083508253097534e-02
3.682684525847434998e-02
3.760911896824836731e-02
3.842081874608993530e-02
3.906714171171188354e-02
4.020376130938529968e-02
4.104000329971313477e-02
4.172326251864433289e-02
4.256912693381309509e-02
4.351691529154777527e-02
4.438228532671928406e-02
4.516405239701271057e-02
4.623098298907279968e-02
4.718298092484474182e-02
4.840384423732757568e-02
4.906972125172615051e-02
4.999643936753273010e-02
5.127050355076789856e-02
5.231540650129318237e-02
5.343934893608093262e-02
5.445941537618637085e-02
5.567107349634170532e-02
5.667804554104804993e-02
5.784031003713607788e-02
5.898554250597953796e-02
6.007964164018630981e-02
6.118615344166755676e-02
6.239885091781616211e-02
6.377302110195159912e-02
6.473026424646377563e-02
6.585858762264251709e-02
6.737710535526275635e-02
6.882060319185256958e-02
7.028757780790328979e-02
7.149659097194671631e-02
7.306043803691864014e-02
7.430100440979003906e-02
7.563133537769317627e-02
7.703517377376556396e-02
7.849936187267303467e-02
8.039098232984542847e-02
8.179857581853866577e-02
8.356580883264541626e-02
8.504889160394668579e-02
8.628375828266143799e-02
8.763857185840606689e-02
8.986246585845947266e-02
9.186676144599914551e-02
9.338509291410446167e-02
9.551835060119628906e-02
9.758806973695755005e-02
9.961039572954177856e-02
1.007461696863174438e-01
1.023666039109230042e-01
1.041389256715774536e-01
1.056736558675765991e-01
1.080762296915054321e-01
1.099229454994201660e-01
1.118880063295364380e-01
1.140501275658607483e-01
1.169565469026565552e-01
1.193414181470870972e-01
1.215283125638961792e-01
1.243951469659805298e-01
1.264266967773437500e-01
1.289330124855041504e-01
1.317993700504302979e-01
1.334687024354934692e-01
1.371598243713378906e-01
1.394098699092864990e-01
1.419551968574523926e-01
1.445487439632415771e-01
1.482075452804565430e-01
1.510334908962249756e-01
1.537558436393737793e-01
1.576083600521087646e-01
1.608915776014328003e-01
1.636790037155151367e-01
1.675411164760589600e-01
1.716171056032180786e-01
1.750482022762298584e-01
1.792266666889190674e-01
1.831009984016418457e-01
1.875235587358474731e-01
1.909739226102828979e-01
1.954926550388336182e-01
1.989965885877609253e-01
2.026766538619995117e-01
2.086910307407379150e-01
2.130115032196044922e-01
2.196561098098754883e-01
2.266191691160202026e-01
2.314481288194656372e-01
2.360055893659591675e-01
2.435241490602493286e-01
2.485069036483764648e-01
2.545210123062133789e-01
2.603846192359924316e-01
2.659127414226531982e-01
2.718550264835357666e-01
2.783510982990264893e-01
2.871274054050445557e-01
2.969123721122741699e-01
3.050280809402465820e-01
3.125491738319396973e-01
3.236385285854339600e-01
3.339389562606811523e-01
3.436878621578216553e-01
3.544645905494689941e-01
3.686296343803405762e-01
3.809270262718200684e-01
3.969573378562927246e-01
4.067621827125549316e-01
4.195943772792816162e-01
4.378446638584136963e-01
4.557701945304870605e-01
4.782051146030426025e-01
5.089350938796997070e-01
5.265343785285949707e-01
5.507639646530151367e-01
5.766867995262145996e-01
5.985022783279418945e-01
6.355400681495666504e-01
6.660470962524414062e-01
7.038570046424865723e-01
7.494135499000549316e-01
7.876061201095581055e-01
8.365226984024047852e-01
8.819342851638793945e-01
9.347600936889648438e-01
1.001197099685668945e+00
1.053099274635314941e+00
1.133431673049926758e+00
1.199863195419311523e+00
1.347228169441223145e+00
1.536847591400146484e+00
1.888770818710327148e+00
