1.000000000000000000e+00 3.000000000000000000e+00 -2.194209992885589600e-01 1.990000009536743164e+00
2.000000000000000000e+00 3.000000000000000000e+00 -6.488615274429321289e-01 3.000000000000000000e+00
3.000000000000000000e+00 3.000000000000000000e+00 -1.402259588241577148e+00 3.000000000000000000e+00
4.000000000000000000e+00 3.000000000000000000e+00 -2.783931732177734375e+00 2.990000009536743164e+00
5.000000000000000000e+00 3.000000000000000000e+00 -6.597360134124755859e+00 2.990000009536743164e+00
6.000000000000000000e+00 3.000000000000000000e+00 -3.690304183959960938e+01 3.000000000000000000e+00
7.000000000000000000e+00 3.000000000000000000e+00 1.601700782775878906e+01 3.000000000000000000e+00
8.000000000000000000e+00 3.000000000000000000e+00 9.104952812194824219e+00 3.000000000000000000e+00
9.000000000000000000e+00 3.000000000000000000e+00 6.416806221008300781e+00 3.000000000000000000e+00
1.000000000000000000e+01 3.000000000000000000e+00 5.159654140472412109e+00 3.000000000000000000e+00
1.100000000000000000e+01 3.000000000000000000e+00 4.289489746093750000e+00 3.000000000000000000e+00
1.200000000000000000e+01 3.000000000000000000e+00 4.408876419067382812e+00 3.000000000000000000e+00
1.300000000000000000e+01 3.000000000000000000e+00 3.944671154022216797e+00 3.000000000000000000e+00
1.400000000000000000e+01 3.000000000000000000e+00 3.851176261901855469e+00 3.000000000000000000e+00
1.500000000000000000e+01 3.000000000000000000e+00 3.467916488647460938e+00 3.000000000000000000e+00
1.600000000000000000e+01 3.000000000000000000e+00 3.559679985046386719e+00 3.000000000000000000e+00
1.700000000000000000e+01 3.000000000000000000e+00 3.393030881881713867e+00 3.000000000000000000e+00
1.800000000000000000e+01 3.000000000000000000e+00 3.297189235687255859e+00 3.000000000000000000e+00
1.900000000000000000e+01 3.000000000000000000e+00 3.138068914413452148e+00 3.000000000000000000e+00
2.000000000000000000e+01 3.000000000000000000e+00 3.252288103103637695e+00 3.000000000000000000e+00
3.000000000000000000e+01 3.000000000000000000e+00 2.909104585647583008e+00 3.000000000000000000e+00
4.000000000000000000e+01 3.000000000000000000e+00 2.785722970962524414e+00 3.000000000000000000e+00
5.000000000000000000e+01 3.000000000000000000e+00 2.720641613006591797e+00 3.000000000000000000e+00
6.000000000000000000e+01 3.000000000000000000e+00 2.647505044937133789e+00 3.000000000000000000e+00
7.000000000000000000e+01 3.000000000000000000e+00 2.612598180770874023e+00 3.000000000000000000e+00
8.000000000000000000e+01 3.000000000000000000e+00 2.698853492736816406e+00 3.000000000000000000e+00
9.000000000000000000e+01 3.000000000000000000e+00 2.695645332336425781e+00 3.000000000000000000e+00
1.000000000000000000e+02 3.000000000000000000e+00 2.703576326370239258e+00 3.000000000000000000e+00
