1.000000000000000000e+00 3.000000000000000000e+00 -2.086268365383148193e-01 1.000000000000000000e+00
2.000000000000000000e+00 3.000000000000000000e+00 -5.782096385955810547e-01 1.950000047683715820e+00
3.000000000000000000e+00 3.000000000000000000e+00 -1.263626456260681152e+00 2.000000000000000000e+00
4.000000000000000000e+00 3.000000000000000000e+00 -2.709911584854125977e+00 2.000000000000000000e+00
5.000000000000000000e+00 3.000000000000000000e+00 -6.305382728576660156e+00 2.000000000000000000e+00
6.000000000000000000e+00 3.000000000000000000e+00 -3.664037322998046875e+01 2.000000000000000000e+00
7.000000000000000000e+00 3.000000000000000000e+00 1.575086402893066406e+01 2.000000000000000000e+00
8.000000000000000000e+00 3.000000000000000000e+00 8.028492927551269531e+00 2.000000000000000000e+00
9.000000000000000000e+00 3.000000000000000000e+00 5.824637413024902344e+00 2.000000000000000000e+00
1.000000000000000000e+01 3.000000000000000000e+00 4.541804313659667969e+00 2.000000000000000000e+00
1.100000000000000000e+01 3.000000000000000000e+00 4.323286056518554688e+00 2.000000000000000000e+00
1.200000000000000000e+01 3.000000000000000000e+00 4.003922462463378906e+00 2.000000000000000000e+00
1.300000000000000000e+01 3.000000000000000000e+00 3.753047466278076172e+00 2.000000000000000000e+00
1.400000000000000000e+01 3.000000000000000000e+00 3.438204526901245117e+00 2.000000000000000000e+00
1.500000000000000000e+01 3.000000000000000000e+00 3.186823606491088867e+00 2.000000000000000000e+00
1.600000000000000000e+01 3.000000000000000000e+00 2.961240768432617188e+00 2.000000000000000000e+00
1.700000000000000000e+01 3.000000000000000000e+00 3.092446088790893555e+00 2.000000000000000000e+00
1.800000000000000000e+01 3.000000000000000000e+00 2.934340715408325195e+00 2.000000000000000000e+00
1.900000000000000000e+01 3.000000000000000000e+00 2.892311334609985352e+00 2.000000000000000000e+00
2.000000000000000000e+01 3.000000000000000000e+00 2.761522531509399414e+00 2.000000000000000000e+00
