0	7	10	10	10	7	5	6	12	6	2
1	12	4	6	9	7	13	5	10	9	7
2	9	5	4	9	9	10	5	6	9	10
3	9	4	7	5	7	8	9	12	6	2
4	8	7	6	9	10	7	10	6	6	10
5	6	9	12	6	10	11	4	8	9	6
6	6	7	7	6	6	8	9	6	11	6
7	9	4	4	9	10	12	5	10	6	10
8	6	6	12	12	10	8	6	9	5	6
9	6	12	5	12	10	10	10	9	4	8
10	10	8	9	12	7	8	6	10	12	7
11	6	8	9	5	12	12	9	12	9	12
12	8	6	9	5	12	4	7	5	8	6
13	12	10	6	4	5	8	11	9	9	10
14	8	9	9	10	9	8	9	10	6	6
15	9	8	9	8	8	9	10	9	8	6
16	6	5	8	9	8	8	6	9	9	6
17	8	5	12	6	9	7	8	8	6	10
18	6	6	8	12	8	7	9	12	9	10
19	9	9	9	7	5	6	8	9	8	12
20	9	8	6	6	12	9	8	6	10	13
21	9	12	6	11	8	11	8	14	12	10
22	9	9	11	12	8	5	8	10	6	4
23	6	9	12	9	7	12	9	8	12	9
24	12	9	6	6	8	12	6	11	13	8
25	6	12	8	5	9	11	9	9	6	6
26	6	7	11	9	8	11	11	10	7	10
27	14	11	9	7	7	10	9	6	10	8
28	7	10	4	10	6	9	10	13	9	5
29	9	7	11	10	9	9	9	7	10	8
30	13	6	7	5	6	7	12	11	9	14
31	12	7	8	8	13	6	13	14	8	11
32	4	6	7	7	9	9	7	4	11	6
33	12	5	4	7	10	6	4	10	4	9
34	6	8	7	8	10	8	4	4	8	6
35	12	10	10	6	11	6	9	6	9	9
36	9	7	7	11	7	6	8	7	6	8
37	11	11	10	12	9	7	8	9	6	6
38	8	9	11	10	8	8	9	6	10	10
39	6	7	7	10	13	11	4	8	11	9
40	9	10	6	9	11	8	6	10	8	8
41	8	5	6	5	12	7	7	10	11	6
42	9	6	12	12	11	10	4	10	7	9
43	9	9	7	9	11	11	10	7	10	10
44	11	11	6	7	6	9	9	13	4	11
45	10	4	7	4	10	10	6	10	6	11
46	7	6	6	8	11	6	8	6	7	10
47	10	11	11	4	6	6	7	5	12	7
48	9	12	10	9	10	9	7	10	7	9
49	12	7	7	8	9	10	11	11	8	6
50	6	9	6	7	6	9	10	10	8	4
51	9	10	12	8	7	10	10	6	10	8
52	7	6	6	10	9	8	7	9	11	6
53	7	11	7	4	7	11	4	8	8	7
54	6	8	9	9	10	10	8	9	11	12
55	8	9	11	5	8	7	6	6	5	7
56	6	9	9	10	9	6	4	6	7	10
57	11	7	5	11	10	6	8	9	7	6
58	6	8	5	9	12	12	7	8	11	12
59	8	4	8	11	7	7	8	12	6	5
60	8	6	10	11	10	8	8	8	9	12
61	5	10	10	12	10	10	8	9	8	7
62	9	10	11	12	7	7	9	10	9	9
63	10	7	10	10	10	7	7	11	8	4
64	7	13	9	10	4	9	7	9	8	4
65	8	9	10	6	8	10	10	8	7	9
66	9	10	12	9	10	6	7	4	10	6
67	6	9	10	10	10	10	6	12	8	6
68	9	12	8	6	7	5	5	10	6	7
69	8	9	13	8	10	10	12	8	9	12
70	11	12	12	8	11	7	9	11	9	8
71	15	10	8	10	10	10	7	7	7	9
72	5	5	8	11	9	6	9	6	10	8
73	10	7	10	7	8	4	11	6	9	8
74	10	7	11	7	7	8	12	12	8	7
75	11	6	6	10	11	6	7	11	8	9
76	9	4	9	8	9	7	11	10	10	6
77	11	10	6	10	11	9	8	13	7	11
78	9	9	10	10	7	4	9	8	9	12
79	6	7	8	8	7	10	8	7	7	7
80	8	8	8	7	8	8	6	7	7	12
81	10	6	7	10	10	9	8	10	11	8
82	9	7	7	7	7	8	11	10	8	10
83	6	12	4	11	10	7	7	10	7	9
84	10	6	12	11	10	8	8	12	6	12
85	11	12	8	9	9	9	9	9	9	10
86	6	11	13	8	9	8	10	11	11	9
87	10	8	10	7	9	8	9	13	7	8
88	8	11	10	8	10	10	7	12	8	8
89	7	9	7	11	10	12	12	10	10	10
90	14	7	6	9	7	6	9	12	9	10
91	9	10	8	9	8	11	6	11	10	8
92	10	13	10	9	9	8	7	14	12	8
93	9	8	10	10	8	9	7	9	7	4
94	12	10	10	6	8	8	9	8	14	7
95	11	12	7	10	10	4	6	12	10	9
96	9	10	6	8	7	11	7	11	7	7
97	9	6	9	10	9	6	8	9	9	12
98	10	10	12	7	6	10	10	10	6	10
99	10	9	11	7	7	9	10	13	10	7
100	9	8	10	11	7	6	7	9	9	10
101	12	10	10	10	10	8	13	8	7	8
102	10	7	11	8	8	9	8	10	10	6
103	9	11	10	10	7	11	7	8	10	9
104	9	6	11	11	4	12	7	10	8	6
105	7	6	10	11	5	7	10	8	8	8
106	6	7	8	11	7	12	8	7	10	10
107	6	9	7	10	10	11	9	7	6	10
108	10	12	11	12	7	8	13	9	8	11
109	9	12	8	10	10	6	8	6	9	7
110	10	8	7	4	6	9	8	7	6	9
111	12	9	10	12	8	7	7	13	9	10
112	8	9	12	8	8	10	9	10	11	11
113	6	7	12	8	8	8	9	13	4	12
114	10	11	10	12	6	8	8	12	9	12
115	8	11	10	7	8	12	10	10	8	4
116	10	12	10	6	12	8	10	7	10	10
117	12	8	9	8	11	10	10	11	7	12
118	9	9	7	11	8	8	9	4	10	7
119	9	10	8	10	10	11	11	12	12	11
120	6	10	7	7	10	9	6	13	6	6
121	9	9	11	8	4	10	10	9	12	11
122	9	7	13	12	9	7	10	10	8	10
123	9	8	8	10	7	4	6	7	8	8
124	12	11	6	9	6	9	8	12	11	8
125	7	8	10	11	9	10	5	12	10	13
126	9	9	7	8	11	12	7	7	7	4
127	11	13	8	7	11	5	10	11	10	11
128	9	10	9	7	5	9	9	9	14	9
129	8	12	9	4	8	8	7	8	12	10
130	11	10	9	5	11	8	9	4	11	6
131	12	10	10	7	9	8	9	12	9	8
132	6	9	11	8	7	6	11	8	8	10
133	10	8	6	6	10	8	12	8	13	11
134	9	6	11	8	8	7	6	13	8	11
135	9	6	6	9	7	9	6	4	10	8
136	9	8	12	12	7	8	11	9	10	9
137	8	11	10	8	10	12	8	11	7	12
138	4	6	10	8	4	7	9	7	8	10
139	11	6	10	9	10	8	6	8	6	10
140	6	13	14	8	4	7	10	12	7	11
141	11	8	7	10	8	9	8	7	9	8
142	7	9	10	9	9	11	7	10	10	8
143	10	8	9	11	10	12	7	11	10	10
144	6	15	7	9	11	10	10	7	8	8
145	9	7	10	9	10	8	10	11	12	7
146	6	6	10	12	10	11	10	8	13	10
147	8	12	13	8	4	11	8	10	10	11
148	7	9	10	8	9	9	7	12	12	9
149	10	6	9	4	8	7	8	6	4	9
150	7	11	10	6	9	11	9	6	8	13
151	9	8	9	11	8	7	10	7	10	12
152	10	11	12	12	8	10	8	9	10	7
153	7	11	8	6	11	10	8	11	9	10
154	8	8	9	7	8	11	10	4	8	6
155	8	9	10	8	8	6	9	6	10	8
156	9	8	10	6	9	12	8	8	11	9
157	8	10	9	7	10	9	6	10	4	8
158	8	8	9	13	9	8	8	9	12	9
159	9	4	8	13	12	8	9	13	11	10
160	11	12	6	10	10	10	10	10	9	4
161	8	6	12	7	12	8	11	12	12	12
162	7	10	15	9	11	9	5	8	10	10
163	7	4	10	8	7	8	8	10	8	10
164	12	8	11	7	6	10	8	9	6	10
165	10	12	8	9	10	7	8	11	12	8
166	7	9	6	9	10	8	8	5	7	9
167	12	8	8	9	12	8	11	10	9	12
168	8	8	11	8	8	8	8	11	10	6
169	12	6	7	8	10	9	7	8	6	11
170	11	6	9	11	9	7	12	12	7	10
171	8	6	8	10	7	9	8	7	9	8
172	10	6	6	8	6	11	11	6	10	6
173	10	7	13	10	9	11	8	11	7	8
174	10	8	8	9	10	11	11	9	8	11
175	10	9	9	8	9	10	7	9	10	9
176	9	7	9	11	12	6	6	11	9	6
177	8	9	6	8	11	9	8	12	11	8
178	9	8	8	13	8	7	10	10	9	5
179	4	10	8	6	12	6	7	8	7	10
180	9	6	10	4	10	11	6	9	12	7
181	11	7	7	8	9	7	10	8	11	7
182	9	7	5	4	7	9	8	10	6	5
183	11	7	11	9	14	12	8	8	12	9
184	9	7	10	8	6	8	9	10	10	6
185	12	9	12	8	11	10	5	9	9	14
186	10	13	13	12	11	9	11	8	9	8
187	9	6	4	8	11	11	10	9	12	9
188	6	10	8	9	12	7	9	8	6	8
189	14	7	7	4	13	10	10	11	8	8
190	8	13	10	7	11	10	6	7	10	9
191	10	6	13	6	9	11	9	8	11	9
192	7	8	8	11	8	7	7	10	10	7
193	10	8	11	8	8	10	9	8	6	9
194	7	11	11	13	8	10	13	9	8	10
195	9	9	13	11	8	6	8	12	9	9
196	10	13	9	8	7	10	10	7	11	11
197	10	7	8	12	10	6	7	10	11	10
198	6	11	9	9	10	9	11	6	12	7
199	9	12	9	7	10	9	6	11	8	12
200	8	9	7	12	7	11	6	6	11	12
201	6	9	8	8	10	8	8	9	8	11
202	12	11	11	11	10	13	9	13	11	9
203	14	7	9	10	13	11	11	8	10	7
204	7	8	7	9	10	9	12	10	6	8
205	7	9	8	11	10	13	9	9	4	10
206	12	8	10	7	8	4	7	10	8	8
207	7	7	11	8	9	8	6	10	14	13
208	9	6	7	10	9	12	13	10	10	8
209	8	11	7	11	7	10	9	8	8	6
210	8	11	11	10	6	9	9	9	9	12
211	8	14	7	10	12	4	11	10	9	13
212	8	11	13	10	9	11	9	9	10	8
213	7	12	9	8	10	10	8	10	11	6
214	4	10	12	7	7	8	7	8	4	12
215	12	9	9	8	12	8	10	4	10	6
216	14	8	11	11	12	7	8	8	9	8
217	10	10	9	9	11	10	9	9	8	7
218	8	9	11	8	7	10	7	10	11	9
219	10	12	10	8	11	8	10	9	6	10
220	8	6	10	7	9	10	7	6	8	7
221	12	10	9	9	9	9	10	6	8	11
222	13	13	7	12	11	10	7	8	13	7
223	10	8	12	12	9	8	13	8	4	10
224	9	13	9	7	9	10	10	8	11	6
225	10	4	11	9	9	8	9	12	7	8
226	8	12	8	10	8	10	10	10	10	12
227	8	9	10	10	10	13	11	8	9	11
228	9	11	9	9	7	7	11	10	9	9
229	11	8	9	8	9	7	11	12	8	12
230	8	6	11	13	10	12	8	10	8	10
231	13	4	6	10	10	11	6	9	10	7
232	9	6	6	8	10	10	9	11	4	12
233	8	8	8	6	9	7	6	10	11	10
234	9	6	12	6	10	4	7	9	8	9
235	11	11	7	10	10	9	10	10	7	11
236	10	9	2	7	10	9	4	11	9	6
237	10	10	11	7	7	9	14	11	11	9
238	10	8	10	8	7	8	7	10	9	9
239	10	11	13	11	10	7	10	10	12	8
240	8	12	9	11	10	9	9	7	9	10
241	12	9	11	13	12	11	10	8	8	12
242	13	7	12	9	10	8	9	10	12	7
243	10	10	10	10	10	9	9	8	6	11
244	10	12	13	7	13	9	10	8	9	8
245	6	11	12	11	8	7	8	8	7	13
246	12	8	10	6	12	9	10	7	9	13
247	7	11	12	9	8	12	12	9	11	8
248	12	13	9	11	7	8	8	10	8	9
249	7	10	6	6	4	12	11	10	7	10
250	10	9	7	9	7	7	11	9	14	10
251	8	10	12	10	7	9	10	12	9	12
252	6	8	6	9	11	7	11	9	11	10
253	12	8	7	9	5	10	11	12	9	9
254	7	7	7	9	10	8	7	13	8	4
255	4	10	12	9	10	10	6	10	8	9
256	10	10	12	7	12	10	7	7	11	12
257	9	13	10	15	6	7	11	8	10	10
258	13	9	11	9	12	9	9	9	8	14
259	6	9	9	10	8	6	10	10	9	7
260	10	11	7	8	9	11	10	8	4	11
261	7	6	8	12	12	9	8	12	7	8
262	12	10	9	9	8	11	7	10	8	9
263	12	8	10	14	7	12	10	10	7	10
264	8	11	7	9	12	12	9	14	9	12
265	6	9	12	10	6	11	12	7	6	9
266	10	12	11	10	11	7	8	10	7	6
267	4	11	9	11	12	8	8	10	15	13
268	12	8	11	12	8	7	10	9	10	6
269	12	7	12	11	8	11	7	10	8	6
270	8	9	4	12	12	6	11	11	7	12
271	8	7	9	6	9	12	10	9	7	9
272	10	11	11	11	8	8	9	10	6	7
273	4	10	13	8	4	11	7	4	14	10
274	6	13	10	8	9	11	11	10	12	7
275	7	11	8	5	11	8	10	12	11	8
276	11	11	7	12	9	12	9	9	8	6
277	6	10	11	8	12	9	11	6	2	7
278	6	10	7	6	13	11	6	10	8	5
279	11	13	6	12	12	9	10	14	8	12
280	8	9	7	7	8	10	5	9	12	10
281	6	10	10	8	9	10	6	4	8	6
282	7	10	10	5	8	13	8	7	11	7
283	10	10	9	8	9	12	12	10	7	9
284	7	6	7	8	6	10	11	9	9	11
285	8	10	12	8	9	6	8	7	7	8
286	13	12	8	8	9	6	10	9	12	10
287	10	11	10	6	9	11	8	9	10	9
288	9	8	9	8	10	9	8	8	6	9
289	6	9	11	8	7	13	13	6	12	7
290	9	6	9	8	11	10	6	9	7	10
291	12	9	7	6	10	10	9	7	11	12
292	11	9	10	8	10	12	6	13	10	10
293	10	4	10	10	10	9	10	8	7	9
294	10	11	10	7	8	10	11	11	13	9
295	14	7	6	7	7	8	2	10	7	10
296	12	11	7	11	8	10	13	9	8	10
297	13	12	9	12	9	10	12	10	8	5
298	12	9	11	10	12	8	6	7	10	8
299	13	9	10	12	8	7	4	8	4	10
300	10	6	7	10	8	6	10	9	8	10
301	8	8	11	11	8	8	9	11	10	9
302	10	10	10	11	13	10	7	10	8	8
303	7	7	10	9	8	11	12	12	8	9
304	10	13	13	11	4	9	9	11	11	10
305	8	9	12	9	11	9	12	10	13	10
306	5	8	10	7	10	10	8	6	7	11
307	9	8	11	7	12	12	9	7	9	11
308	8	11	6	11	8	8	7	11	6	10
309	4	12	11	14	10	12	11	10	11	9
310	10	7	9	7	12	9	9	10	10	9
311	8	11	9	6	12	8	6	12	10	9
312	10	8	13	10	10	9	10	10	8	10
313	4	10	6	9	7	11	10	5	7	9
314	12	11	9	10	11	9	9	6	7	10
315	12	10	10	11	12	10	10	9	11	10
316	6	8	11	6	13	11	8	11	10	4
317	10	12	9	6	4	10	7	6	5	8
318	11	9	8	12	10	4	8	10	10	13
319	11	12	6	13	11	11	10	8	11	10
320	6	9	8	9	7	7	7	11	6	10
321	7	11	12	10	9	8	11	10	6	11
322	10	11	11	11	6	11	11	8	13	7
323	9	8	11	8	11	12	8	11	6	7
324	8	9	5	9	10	12	7	10	13	8
325	9	7	11	11	9	9	10	12	7	11
326	11	10	7	8	8	12	8	9	10	12
327	6	10	9	8	9	9	10	9	8	15
328	10	7	10	10	7	11	9	6	8	7
329	11	8	12	9	8	7	13	11	13	11
330	13	8	10	10	12	6	10	12	8	9
331	6	12	10	8	9	7	12	12	9	9
332	14	8	6	8	11	7	7	11	8	9
333	12	8	10	4	6	10	8	10	7	11
334	10	8	11	12	2	12	7	12	7	12
335	10	11	8	7	6	10	9	9	9	9
336	9	10	7	8	9	10	9	7	12	8
337	8	8	7	12	10	12	8	11	11	8
338	8	13	6	9	10	8	9	8	7	10
339	8	12	10	8	10	9	12	11	9	14
340	12	7	11	10	9	6	13	10	8	8
341	4	10	10	10	12	10	10	4	7	8
342	8	8	11	9	8	8	8	7	11	11
343	10	8	10	9	12	8	11	11	12	7
344	6	14	8	10	8	11	12	7	12	9
345	10	8	7	9	10	4	8	8	8	8
346	10	12	12	10	6	7	8	12	12	10
347	11	10	13	11	10	8	7	6	7	12
348	8	10	12	9	9	13	10	8	9	10
349	11	13	9	13	9	10	6	9	12	10
350	9	11	8	8	10	9	6	12	10	5
351	9	13	10	8	10	8	8	10	7	11
352	6	4	13	10	10	9	8	11	10	11
353	9	11	10	9	8	10	6	9	10	9
354	11	12	2	8	8	10	11	6	11	6
355	8	13	10	7	6	9	9	9	9	11
356	9	9	13	8	7	9	6	11	6	10
357	12	7	8	13	6	8	6	8	8	12
358	12	7	11	12	7	9	8	8	9	6
359	8	4	12	11	10	10	8	8	10	8
360	8	8	12	10	10	4	12	11	10	4
361	6	10	8	6	15	10	13	8	9	12
362	11	10	11	12	8	10	9	9	11	12
363	11	9	12	9	6	6	8	10	11	8
364	7	6	10	8	12	10	11	8	9	12
365	10	7	8	10	8	8	11	9	9	6
366	7	8	9	10	11	8	13	12	9	8
367	6	10	12	16	11	11	10	5	7	10
368	11	11	6	8	6	9	8	8	7	10
369	8	10	10	9	12	13	7	8	8	14
370	9	11	9	9	10	10	6	12	11	7
371	7	10	9	9	14	4	11	8	8	8
372	10	4	12	12	8	8	11	9	11	9
373	9	9	9	7	10	11	10	9	11	10
374	11	8	8	8	10	9	9	9	8	8
375	12	6	12	11	12	10	9	8	7	5
376	8	11	12	7	10	8	9	10	9	5
377	10	9	8	10	12	8	8	7	9	12
378	12	10	10	12	7	9	7	8	10	9
379	6	10	7	6	6	11	11	12	6	10
380	10	12	10	7	10	11	12	9	12	12
381	12	11	8	6	8	14	8	6	9	10
382	6	10	9	8	13	8	10	9	11	12
383	11	8	10	4	9	10	7	7	10	11
384	9	9	8	10	7	6	11	13	8	7
385	10	10	8	7	9	10	8	6	9	5
386	12	7	6	12	7	11	6	10	11	11
387	9	12	8	11	9	12	10	9	8	10
388	7	10	10	6	11	8	12	12	9	7
389	11	11	6	11	9	6	13	11	9	9
390	10	8	12	9	11	8	8	10	11	6
391	8	12	5	7	6	7	8	6	7	8
392	12	10	13	6	9	10	10	9	10	6
393	12	6	12	9	8	11	10	6	12	8
394	9	10	11	10	9	8	8	10	10	8
395	12	9	8	12	7	10	13	9	4	8
396	11	8	9	13	7	6	13	8	8	10
397	8	12	9	7	9	9	9	12	10	8
398	4	6	11	9	11	10	9	7	8	9
399	8	11	6	10	8	8	7	10	7	8
400	7	8	11	12	11	7	10	12	12	4
401	11	9	9	9	12	9	11	12	11	9
402	10	11	11	9	8	8	7	10	12	10
403	12	12	10	9	10	11	10	6	7	8
404	10	9	12	11	7	8	9	10	7	11
405	7	8	9	9	8	7	7	10	8	6
406	5	14	8	9	10	13	12	6	5	8
407	11	12	7	9	13	9	10	11	6	6
408	7	10	8	8	10	11	12	5	6	11
409	8	10	10	10	8	8	10	12	11	7
410	10	10	10	8	10	9	7	6	6	12
411	8	10	11	7	11	10	12	7	8	6
412	10	13	9	10	5	9	8	11	13	9
413	12	6	8	7	6	12	11	14	7	15
414	9	7	10	13	10	8	10	10	12	8
415	13	8	8	8	11	10	7	7	10	10
416	6	9	7	11	10	8	7	8	8	9
417	13	8	15	11	7	7	11	10	11	9
418	8	12	14	8	10	8	8	12	8	6
419	10	12	14	12	10	6	9	9	12	7
420	8	11	10	9	11	8	8	7	6	13
421	7	11	8	8	11	10	8	13	7	12
422	11	7	11	9	8	10	12	10	8	10
423	8	11	8	10	13	11	10	6	9	12
424	9	11	6	6	8	9	8	9	12	10
425	8	6	11	8	10	6	8	13	8	11
426	10	10	11	10	10	8	9	10	4	8
427	10	8	11	12	13	12	12	8	6	6
428	8	14	7	8	11	10	8	13	9	11
429	10	9	6	8	13	10	13	10	12	7
430	8	9	10	9	8	9	8	10	10	8
431	10	9	13	8	10	10	8	9	10	10
432	4	11	11	4	11	10	8	4	11	8
433	6	8	10	7	9	9	10	11	12	6
434	7	8	11	10	9	11	12	13	12	7
435	6	11	10	9	6	14	6	8	10	9
436	7	7	7	4	10	14	11	10	10	8
437	8	11	9	9	6	11	6	8	9	11
438	9	10	8	9	10	8	10	12	8	6
439	13	11	9	10	11	8	10	10	12	11
440	7	10	6	7	10	7	7	6	7	11
441	10	10	12	10	9	10	9	12	8	8
442	7	6	12	10	5	9	9	7	12	12
443	10	11	8	8	7	12	8	10	7	10
444	7	8	6	10	11	12	13	4	8	8
445	9	9	7	10	10	8	8	12	13	8
446	11	9	7	4	13	9	9	9	10	8
447	6	12	11	7	10	8	11	12	11	10
448	11	12	11	12	6	11	6	7	6	10
449	10	6	4	7	8	9	10	11	12	10
450	6	7	12	13	9	5	6	8	13	9
451	7	12	4	4	5	12	10	10	11	10
452	5	6	11	10	8	7	7	8	10	12
453	12	4	6	11	9	10	10	11	11	10
454	6	9	14	10	9	9	10	12	9	11
455	8	4	7	13	5	12	9	9	8	8
456	9	6	8	10	10	5	12	5	6	10
457	9	9	6	8	6	10	7	11	7	10
458	12	6	10	10	8	12	11	9	10	7
459	9	6	10	10	12	8	12	13	8	8
460	11	7	12	11	11	6	10	11	11	7
461	13	13	10	7	6	9	4	12	9	9
462	11	9	7	7	11	9	11	7	9	9
463	5	9	12	9	7	10	10	12	8	12
464	11	11	12	12	11	11	8	12	7	8
465	9	7	7	9	8	11	6	9	7	9
466	11	13	8	9	10	8	12	7	10	12
467	11	10	10	9	10	11	9	5	11	11
468	11	10	8	11	6	9	7	5	6	9
469	9	7	12	11	12	6	9	8	10	11
470	8	11	10	10	10	10	9	7	7	12
471	11	6	10	11	8	8	9	9	12	8
472	12	10	15	12	8	12	8	9	10	11
473	7	8	8	9	12	12	10	9	10	9
474	10	12	12	12	12	4	8	10	7	7
475	9	11	7	8	7	11	6	10	8	12
476	8	10	8	7	7	9	10	7	13	8
477	12	10	10	6	7	9	9	8	8	6
478	9	6	9	8	10	11	8	8	7	7
479	9	11	11	12	12	6	10	7	7	11
480	7	8	12	9	12	10	6	9	7	8
481	12	10	9	12	9	8	11	9	8	14
482	10	4	8	11	13	12	12	7	12	8
483	4	8	10	6	9	7	12	10	8	6
484	8	12	7	12	9	12	6	10	11	9
485	7	10	11	7	8	10	13	10	13	12
486	4	8	6	9	6	12	8	6	10	10
487	10	12	11	8	13	11	7	10	8	6
488	11	13	13	10	9	12	9	8	12	12
489	9	8	11	9	9	12	9	10	7	6
490	6	7	14	12	10	8	5	9	8	9
491	12	9	10	12	6	11	8	10	13	13
492	11	8	12	5	8	10	11	10	4	10
493	10	9	10	10	11	13	10	7	9	6
494	12	9	12	9	10	10	11	7	5	4
495	10	13	12	12	9	9	9	11	10	7
496	11	12	11	11	7	10	6	9	10	8
497	11	8	6	10	9	9	11	7	6	8
498	12	9	9	12	8	11	10	9	9	10
499	10	10	10	8	9	9	7	10	11	10
500	8	6	10	9	6	8	10	12	8	11
501	13	12	4	7	6	6	8	10	10	10
502	10	7	9	10	15	9	8	10	9	8
503	10	8	10	10	8	8	10	11	8	7
504	9	11	11	11	12	7	9	6	11	7
505	10	9	10	14	11	11	8	12	9	7
506	8	9	10	10	10	11	11	10	10	11
507	8	6	8	8	6	11	7	7	8	9
508	11	5	10	6	7	12	10	10	8	9
509	8	8	9	9	9	8	10	13	9	12
510	6	8	8	6	8	9	12	10	10	10
511	6	6	10	8	8	6	8	7	6	8
512	9	8	13	9	10	5	8	9	9	7
513	9	12	10	9	12	12	8	9	12	9
514	9	8	7	10	11	8	14	12	8	8
515	6	6	10	9	12	12	9	11	6	8
516	8	9	9	10	8	10	9	10	10	11
517	13	9	9	9	10	8	11	7	11	8
518	12	9	9	11	7	6	8	11	8	9
519	12	9	12	8	10	10	9	11	8	12
520	8	6	11	8	8	9	12	11	7	10
521	9	12	8	11	11	8	9	10	4	7
522	8	8	11	8	8	11	6	7	7	8
523	7	9	8	9	11	8	10	13	13	13
524	9	9	10	7	12	6	10	10	10	9
525	9	10	9	6	10	12	10	8	6	12
526	12	7	11	9	13	13	7	11	10	10
527	10	6	9	6	6	12	10	7	7	8
528	11	11	10	6	7	11	11	6	11	9
529	12	11	10	10	10	8	14	10	11	6
530	10	10	8	12	8	10	10	9	6	8
531	6	9	10	9	7	10	10	6	13	11
532	12	8	8	11	7	8	7	9	10	7
533	10	11	11	11	12	12	12	7	7	8
534	9	12	6	9	9	10	6	6	9	8
535	4	9	4	9	9	12	7	10	13	10
536	10	11	12	9	7	12	10	11	4	10
537	14	7	12	6	8	10	7	9	5	12
538	9	7	8	8	12	8	10	11	10	12
539	9	8	9	9	9	8	8	10	6	9
540	10	10	10	8	14	10	8	6	8	9
541	6	13	8	14	7	10	8	7	12	9
542	10	9	10	7	10	8	6	10	10	8
543	11	9	12	10	13	8	6	11	8	9
544	10	11	12	8	9	9	10	4	10	10
545	10	8	11	7	10	8	11	8	7	8
546	9	8	11	11	9	6	11	6	9	10
547	7	10	14	12	9	9	8	9	11	10
548	11	9	10	8	12	12	14	12	8	8
549	9	13	11	11	8	8	8	9	11	12
550	9	8	10	13	13	8	10	7	10	12
551	8	11	6	6	12	7	10	9	12	7
552	9	9	8	10	8	8	12	8	8	9
553	8	9	10	6	10	12	10	8	10	10
554	12	9	12	9	9	11	12	8	9	12
555	9	9	11	10	7	11	9	5	13	9
556	11	12	7	10	9	13	6	12	7	7
557	10	6	8	7	7	6	12	10	8	10
558	10	7	10	8	10	8	7	10	13	10
559	10	6	7	11	16	10	8	5	13	9
560	10	14	9	9	7	9	11	10	10	11
561	11	10	10	9	7	12	10	10	6	8
562	7	10	14	11	12	6	11	8	6	6
563	8	10	7	9	9	8	12	8	7	13
564	10	10	13	12	11	9	9	8	12	5
565	9	8	8	10	8	10	11	9	8	10
566	8	10	9	13	10	10	6	10	8	9
567	10	8	7	8	12	10	10	11	7	10
568	7	8	7	8	8	9	13	9	8	9
569	9	11	8	9	8	6	9	11	9	8
570	4	8	11	11	12	6	8	13	6	7
571	10	9	6	10	8	10	9	11	10	10
572	10	13	10	11	13	12	9	12	12	12
573	8	14	8	11	10	8	7	9	7	12
574	9	9	10	9	14	11	11	9	9	10
575	11	10	10	6	9	7	10	12	11	7
576	14	7	10	10	8	9	12	9	7	13
577	11	7	9	12	10	7	8	6	8	6
578	8	6	14	12	10	10	9	10	8	8
579	8	7	7	9	15	8	9	10	7	9
580	11	11	8	11	11	8	11	11	9	6
581	2	4	8	14	11	13	9	10	7	4
582	10	14	9	7	6	10	10	7	6	7
583	10	10	8	8	7	11	11	9	12	10
584	13	5	11	8	11	9	12	13	10	6
585	8	8	6	14	12	8	12	11	6	7
586	7	8	10	13	10	8	9	12	10	7
587	9	11	11	9	10	12	9	8	9	9
588	11	10	9	6	4	6	11	9	11	8
589	11	12	9	9	11	10	9	10	6	10
590	9	10	9	6	8	7	9	6	9	8
591	8	6	7	13	9	10	8	7	13	10
592	10	8	6	9	7	11	6	12	10	8
593	10	13	9	12	11	10	8	12	9	9
594	4	8	12	11	8	12	8	7	7	13
595	7	9	11	8	9	9	15	8	8	11
596	12	9	5	4	7	12	6	9	11	10
597	11	13	14	9	9	10	8	7	12	10
598	12	7	12	6	8	9	14	8	11	9
599	10	7	8	12	7	8	11	10	12	9
600	12	13	8	10	10	7	10	6	10	10
601	9	9	8	9	7	10	7	9	10	10
602	12	8	8	6	13	6	8	11	9	10
603	12	11	13	9	10	5	9	7	8	10
604	7	8	6	14	7	9	11	7	8	12
605	9	10	9	13	8	9	7	9	9	11
606	10	10	11	9	12	13	10	8	6	6
607	9	8	9	12	9	13	9	11	8	11
608	8	6	11	7	11	12	6	8	10	8
609	10	11	9	9	7	8	14	6	8	12
610	11	9	8	8	9	6	12	8	7	10
611	8	13	14	13	11	8	6	11	11	12
612	10	8	10	11	10	11	8	8	10	12
613	9	8	10	10	10	9	7	13	11	9
614	10	13	6	7	8	7	8	9	8	9
615	9	11	12	7	10	9	14	10	7	9
616	7	11	10	12	9	11	11	8	10	12
617	8	13	9	12	9	8	9	13	12	10
618	9	12	8	12	8	9	9	10	13	13
619	8	11	10	11	10	10	7	10	9	8
620	9	10	10	8	7	11	9	9	12	8
621	9	9	8	9	11	8	8	12	11	12
622	6	9	12	7	9	9	13	10	6	7
623	6	10	10	5	11	11	6	9	10	9
624	6	6	11	10	8	13	11	10	10	8
625	10	10	8	12	9	7	9	13	8	9
626	5	11	6	12	9	8	11	10	6	11
627	7	8	12	13	10	10	8	10	9	10
628	12	9	7	11	10	10	6	9	11	11
629	6	6	11	9	11	6	12	9	11	11
630	8	13	8	11	11	9	12	10	11	10
631	10	6	10	9	10	12	4	10	10	8
632	10	10	9	8	6	8	10	10	9	10
633	7	12	9	6	4	10	13	11	12	9
634	7	7	11	7	9	13	6	9	6	8
635	11	11	10	8	11	10	12	9	10	8
636	8	9	8	8	13	12	12	5	10	9
637	11	8	10	11	12	13	9	11	8	7
638	8	8	6	10	8	9	4	8	10	9
639	10	6	4	8	10	13	9	8	8	10
640	7	12	9	5	11	6	13	9	10	6
641	13	7	11	13	7	13	12	12	11	6
642	11	9	10	10	11	11	11	8	8	7
643	9	6	9	14	11	9	9	12	9	11
644	8	7	8	11	8	13	10	12	9	11
645	12	11	10	8	12	9	12	6	10	9
646	9	10	8	9	10	9	12	10	8	10
647	11	9	13	7	7	8	12	12	7	8
648	10	9	6	9	11	6	11	12	14	11
649	12	8	9	13	11	7	6	7	11	10
650	10	8	8	13	9	9	10	11	8	9
651	4	10	9	8	11	11	8	11	12	4
652	10	9	9	9	7	6	10	6	9	5
653	7	10	13	11	11	5	10	12	10	11
654	9	6	12	8	8	9	10	10	8	6
655	9	12	8	8	14	8	12	7	7	7
656	6	8	12	13	7	12	11	12	13	6
657	7	10	11	7	8	8	12	9	8	10
658	11	8	8	11	11	8	10	10	12	7
659	10	9	12	6	6	12	8	7	11	11
660	6	8	10	8	10	7	8	12	10	9
661	9	9	12	8	6	9	7	10	10	9
662	9	6	8	11	9	10	9	8	11	6
663	12	9	12	5	8	13	6	10	12	10
664	8	8	11	7	8	10	11	7	8	8
665	9	7	9	8	6	11	11	7	11	9
666	7	10	11	9	8	10	13	8	7	9
667	14	8	9	7	12	12	7	6	4	11
668	11	12	12	12	9	8	9	7	6	13
669	9	8	11	7	6	11	7	7	10	10
670	7	13	9	7	8	9	8	12	10	9
671	10	12	8	6	9	9	8	9	6	7
672	11	10	12	11	8	10	9	10	7	11
673	6	8	10	9	12	8	8	8	12	9
674	13	13	8	10	11	9	8	8	7	8
675	9	10	9	10	9	12	7	12	12	9
676	14	12	9	5	7	8	2	8	11	8
677	7	8	10	6	6	7	7	8	10	9
678	10	8	10	11	12	9	8	9	7	10
679	13	7	9	13	8	9	6	11	11	11
680	8	11	8	8	5	8	10	9	10	10
681	10	11	8	8	6	9	10	6	11	9
682	8	10	9	9	8	10	11	10	9	4
683	10	8	7	8	13	9	8	8	9	11
684	12	4	5	10	6	12	8	10	10	9
685	13	14	11	6	7	11	13	11	10	10
686	12	11	11	10	10	9	8	9	9	9
687	6	11	8	6	6	10	6	12	8	11
688	8	10	6	7	9	9	10	10	7	12
689	10	4	8	13	7	11	9	10	8	14
690	9	10	9	12	10	9	8	13	8	6
691	8	9	6	10	7	9	9	11	6	10
692	11	10	13	10	11	12	11	11	7	10
